dataset,alpha,threshold,topics,NMI,matched,total,coverage_%,FMR_%,runtime_s,phase,
T,0.4,0.5,394,0.0000,5938,11108,53.46,53.46,2721.58,coarse,
T,0.4,0.6,263,0.8694,5978,11108,53.82,53.82,1447.36,coarse,
T,0.4,0.7,234,0.8734,7075,11108,63.69,63.69,1071.06,coarse,
T,0.4,0.8,187,0.8434,8455,11108,76.12,76.12,625.03,coarse,
T,0.4,0.9,114,0.7621,9754,11108,87.81,87.81,228.06,coarse,
T,0.5,0.5,431,0.8835,5214,11108,46.94,46.94,340.72,coarse,
T,0.5,0.6,316,0.8737,5740,11108,51.67,51.67,261.41,coarse,
T,0.5,0.7,242,0.8790,6995,11108,62.97,62.97,260.02,coarse,
T,0.5,0.8,203,0.8562,8075,11108,72.70,72.70,136.18,coarse,
T,0.5,0.9,141,0.8034,9708,11108,87.40,87.40,59.23,coarse,
T,0.6,0.5,511,0.8748,4338,11108,39.05,39.05,79.37,coarse,
T,0.6,0.6,332,0.8720,4953,11108,44.59,44.59,60.08,coarse,
T,0.6,0.7,241,0.8720,6834,11108,61.52,61.52,29.42,coarse,
T,0.6,0.8,203,0.8670,7566,11108,68.11,68.11,43.40,coarse,
T,0.6,0.9,151,0.7994,8990,11108,80.93,80.93,23.30,coarse,
T,0.7,0.5,576,0.8919,4999,11108,45.00,45.00,39.44,coarse,
T,0.7,0.6,381,0.8884,4842,11108,43.59,43.59,30.11,coarse,
T,0.7,0.7,280,0.8667,6187,11108,55.70,55.70,23.97,coarse,
T,0.7,0.8,195,0.8616,8175,11108,73.60,73.60,18.31,coarse,
T,0.7,0.9,133,0.7942,9521,11108,85.71,85.71,17.12,coarse,
T,0.8,0.5,705,0.8992,4322,11108,38.91,38.91,47.05,coarse,
T,0.8,0.6,415,0.8668,4559,11108,41.04,41.04,31.29,coarse,
T,0.8,0.7,279,0.8489,6156,11108,55.42,55.42,22.04,coarse,
T,0.8,0.8,191,0.8294,8076,11108,72.70,72.70,16.61,coarse,
T,0.8,0.9,154,0.7852,8710,11108,78.41,78.41,15.38,coarse,
T,0.9,0.5,779,0.8932,3844,11108,34.61,34.61,46.47,coarse,
T,0.9,0.6,536,0.8919,4339,11108,39.06,39.06,37.45,coarse,
T,0.9,0.7,340,0.8730,5790,11108,52.12,52.12,26.37,coarse,
T,0.9,0.8,219,0.8133,7670,11108,69.05,69.05,18.24,coarse,
T,0.9,0.9,151,0.7459,9278,11108,83.53,83.53,15.79,coarse,
TS,0.4,0.5,262,0.9254,7533,11109,67.81,67.81,310.39,coarse,
TS,0.4,0.6,196,0.9189,7785,11109,70.08,70.08,97.05,coarse,
TS,0.4,0.7,163,0.9119,8664,11109,77.99,77.99,64.78,coarse,
TS,0.4,0.8,111,0.7945,9143,11109,82.30,82.30,37.02,coarse,
TS,0.4,0.9,70,0.6075,11006,11109,99.07,99.07,23.24,coarse,
TS,0.5,0.5,332,0.9231,7724,11109,69.53,69.53,33.18,coarse,
TS,0.5,0.6,203,0.9174,8146,11109,73.33,73.33,22.89,coarse,
TS,0.5,0.7,169,0.9029,9022,11109,81.21,81.21,18.94,coarse,
TS,0.5,0.8,133,0.8152,9243,11109,83.20,83.20,17.93,coarse,
TS,0.5,0.9,30,0.5485,11050,11109,99.47,99.47,9.87,coarse,
TS,0.6,0.5,399,0.9187,6432,11109,57.90,57.90,28.30,coarse,
TS,0.6,0.6,224,0.9086,7521,11109,67.70,67.70,20.87,coarse,
TS,0.6,0.7,157,0.9149,8796,11109,79.18,79.18,16.52,coarse,
TS,0.6,0.8,137,0.8240,9305,11109,83.76,83.76,16.90,coarse,
TS,0.6,0.9,33,0.6254,11103,11109,99.95,99.95,9.71,coarse,
TS,0.7,0.5,571,0.9014,6414,11109,57.74,57.74,33.08,coarse,
TS,0.7,0.6,260,0.8925,6539,11109,58.86,58.86,19.48,coarse,
TS,0.7,0.7,172,0.8989,8309,11109,74.80,74.80,16.93,coarse,
TS,0.7,0.8,101,0.7789,10077,11109,90.71,90.71,13.04,coarse,
TS,0.7,0.9,50,0.6123,10810,11109,97.31,97.31,9.07,coarse,
TS,0.8,0.5,653,0.8912,6175,11109,55.59,55.59,42.31,coarse,
TS,0.8,0.6,305,0.9008,6270,11109,56.44,56.44,25.00,coarse,
TS,0.8,0.7,181,0.8571,8335,11109,75.03,75.03,15.86,coarse,
TS,0.8,0.8,124,0.7622,9724,11109,87.53,87.53,13.82,coarse,
TS,0.8,0.9,53,0.6222,11058,11109,99.54,99.54,9.36,coarse,
TS,0.9,0.5,680,0.8877,5820,11109,52.39,52.39,45.94,coarse,
TS,0.9,0.6,382,0.8905,5898,11109,53.09,53.09,26.94,coarse,
TS,0.9,0.7,207,0.8497,7790,11109,70.12,70.12,17.53,coarse,
TS,0.9,0.8,116,0.7667,9995,11109,89.97,89.97,13.07,coarse,
TS,0.9,0.9,54,0.5771,10867,11109,97.82,97.82,10.26,coarse,
S,0.4,0.5,260,0.8792,8272,11108,74.47,74.47,372.62,coarse,
S,0.4,0.6,189,0.8815,8347,11108,75.14,75.14,186.66,coarse,
S,0.4,0.7,159,0.8538,9196,11108,82.79,82.79,137.33,coarse,
S,0.4,0.8,104,0.7349,10095,11108,90.88,90.88,65.51,coarse,
S,0.4,0.9,31,0.5121,11108,11108,100.00,100.00,19.90,coarse,
S,0.5,0.5,359,0.8879,7233,11108,65.12,65.12,109.12,coarse,
S,0.5,0.6,191,0.8941,8282,11108,74.56,74.56,36.60,coarse,
S,0.5,0.7,165,0.8720,8888,11108,80.01,80.01,32.49,coarse,
S,0.5,0.8,127,0.7966,9256,11108,83.33,83.33,26.47,coarse,
S,0.5,0.9,29,0.5013,10933,11108,98.42,98.42,11.10,coarse,
S,0.6,0.5,423,0.8829,6859,11108,61.75,61.75,30.63,coarse,
S,0.6,0.6,239,0.8889,6875,11108,61.89,61.89,23.81,coarse,
S,0.6,0.7,169,0.8674,8123,11108,73.13,73.13,19.45,coarse,
S,0.6,0.8,124,0.7829,9496,11108,85.49,85.49,13.45,coarse,
S,0.6,0.9,44,0.5385,10757,11108,96.84,96.84,10.74,coarse,
S,0.7,0.5,564,0.8643,6276,11108,56.50,56.50,36.92,coarse,
S,0.7,0.6,286,0.8724,6986,11108,62.89,62.89,21.51,coarse,
S,0.7,0.7,180,0.8242,8046,11108,72.43,72.43,18.66,coarse,
S,0.7,0.8,103,0.7497,10400,11108,93.63,93.63,12.76,coarse,
S,0.7,0.9,36,0.5753,11065,11108,99.61,99.61,8.52,coarse,
S,0.8,0.5,681,0.8802,5537,11108,49.85,49.85,38.28,coarse,
S,0.8,0.6,354,0.8732,5622,11108,50.61,50.61,26.05,coarse,
S,0.8,0.7,209,0.8141,7736,11108,69.64,69.64,16.89,coarse,
S,0.8,0.8,103,0.7178,10476,11108,94.31,94.31,13.56,coarse,
S,0.8,0.9,52,0.5795,10691,11108,96.25,96.25,8.94,coarse,
S,0.9,0.5,724,0.8552,5470,11108,49.24,49.24,41.11,coarse,
S,0.9,0.6,414,0.8760,5394,11108,48.56,48.56,27.00,coarse,
S,0.9,0.7,242,0.8243,6864,11108,61.79,61.79,17.99,coarse,
S,0.9,0.8,138,0.7570,9271,11108,83.46,83.46,14.86,coarse,
S,0.9,0.9,32,0.5677,11108,11108,100.00,100.00,8.48,coarse,
News,0.4,0.5,394,0.8689,5552,11109,49.98,49.98,2716.86,coarse,
News,0.4,0.6,288,0.8599,6049,11109,54.45,54.45,1517.38,coarse,
News,0.4,0.7,233,0.8715,7541,11109,67.88,67.88,1055.81,coarse,
News,0.4,0.8,176,0.8479,8468,11109,76.23,76.23,593.48,coarse,
News,0.4,0.9,118,0.7783,9840,11109,88.58,88.58,257.41,coarse,
News,0.5,0.5,415,0.8854,5144,11109,46.30,46.30,357.94,coarse,
News,0.5,0.6,319,0.8583,5527,11109,49.75,49.75,323.72,coarse,
News,0.5,0.7,257,0.8741,6206,11109,55.86,55.86,247.82,coarse,
News,0.5,0.8,201,0.8598,8307,11109,74.78,74.78,132.42,coarse,
News,0.5,0.9,132,0.8114,9023,11109,81.22,81.22,56.00,coarse,
News,0.6,0.5,513,0.8839,4880,11109,43.93,43.93,75.45,coarse,
News,0.6,0.6,345,0.8809,5222,11109,47.01,47.01,56.87,coarse,
News,0.6,0.7,240,0.8732,6982,11109,62.85,62.85,30.40,coarse,
News,0.6,0.8,197,0.8651,7823,11109,70.42,70.42,42.89,coarse,
News,0.6,0.9,154,0.7996,8673,11109,78.07,78.07,22.54,coarse,
News,0.7,0.5,578,0.8971,5169,11109,46.53,46.53,36.65,coarse,
News,0.7,0.6,390,0.8899,4361,11109,39.26,39.26,29.72,coarse,
News,0.7,0.7,293,0.8765,6731,11109,60.59,60.59,24.75,coarse,
News,0.7,0.8,200,0.8491,8029,11109,72.27,72.27,18.63,coarse,
News,0.7,0.9,145,0.7959,9545,11109,85.92,85.92,17.15,coarse,
News,0.8,0.5,687,0.9033,4358,11109,39.23,39.23,45.86,coarse,
News,0.8,0.6,432,0.9034,4716,11109,42.45,42.45,31.23,coarse,
News,0.8,0.7,277,0.8517,5907,11109,53.17,53.17,22.08,coarse,
News,0.8,0.8,189,0.8230,8171,11109,73.55,73.55,16.75,coarse,
News,0.8,0.9,159,0.7831,8241,11109,74.18,74.18,15.28,coarse,
News,0.9,0.5,753,0.8825,4501,11109,40.52,40.52,45.14,coarse,
News,0.9,0.6,537,0.9021,3850,11109,34.66,34.66,36.39,coarse,
News,0.9,0.7,359,0.8758,5173,11109,46.57,46.57,25.56,coarse,
News,0.9,0.8,223,0.8230,7415,11109,66.75,66.75,18.02,coarse,
News,0.9,0.9,151,0.7469,8613,11109,77.53,77.53,15.31,coarse,
T,0.4,0.85,151,0.8184,8469,11108,76.24,76.24,359.13,refine,
T,0.4,0.86,146,0.8058,9279,11108,83.53,83.53,400.94,refine,
T,0.4,0.87,127,0.8089,9633,11108,86.72,86.72,220.12,refine,
T,0.4,0.88,154,0.7970,9014,11108,81.15,81.15,381.06,refine,
T,0.4,0.89,130,0.7779,9295,11108,83.68,83.68,277.57,refine,
T,0.41,0.85,154,0.8166,8993,11108,80.96,80.96,354.24,refine,
T,0.41,0.86,128,0.8096,9400,11108,84.62,84.62,237.05,refine,
T,0.41,0.87,144,0.7824,9074,11108,81.69,81.69,278.16,refine,
T,0.41,0.88,131,0.7888,9203,11108,82.85,82.85,225.13,refine,
T,0.41,0.89,136,0.7781,9616,11108,86.57,86.57,269.70,refine,
T,0.41,0.9,123,0.7706,9915,11108,89.26,89.26,147.95,refine,
T,0.42,0.85,168,0.8139,8130,11108,73.19,73.19,319.90,refine,
T,0.42,0.86,156,0.8001,8317,11108,74.87,74.87,305.67,refine,
T,0.42,0.87,155,0.8052,8496,11108,76.49,76.49,291.24,refine,
T,0.42,0.88,153,0.8042,8784,11108,79.08,79.08,251.00,refine,
T,0.42,0.89,103,0.7616,10072,11108,90.67,90.67,139.19,refine,
T,0.42,0.9,131,0.7698,9288,11108,83.62,83.62,186.75,refine,
T,0.43,0.85,143,0.8078,9264,11108,83.40,83.40,216.20,refine,
T,0.43,0.86,154,0.8212,8454,11108,76.11,76.11,249.86,refine,
T,0.43,0.87,164,0.8185,8271,11108,74.46,74.46,245.02,refine,
T,0.43,0.88,150,0.8012,9245,11108,83.23,83.23,219.00,refine,
T,0.43,0.89,133,0.7891,9052,11108,81.49,81.49,177.41,refine,
T,0.43,0.9,132,0.7825,9726,11108,87.56,87.56,159.36,refine,
T,0.44,0.85,161,0.8160,8630,11108,77.69,77.69,207.51,refine,
T,0.44,0.86,158,0.8223,9397,11108,84.60,84.60,196.19,refine,
T,0.44,0.87,140,0.8107,9214,11108,82.95,82.95,157.56,refine,
T,0.44,0.88,157,0.8057,8406,11108,75.68,75.68,195.62,refine,
T,0.44,0.89,126,0.7850,9752,11108,87.79,87.79,131.72,refine,
T,0.44,0.9,145,0.7853,9144,11108,82.32,82.32,165.58,refine,
T,0.45,0.85,167,0.8291,8846,11108,79.64,79.64,150.31,refine,
T,0.45,0.86,188,0.8128,7926,11108,71.35,71.35,264.61,refine,
T,0.45,0.87,161,0.8048,9004,11108,81.06,81.06,232.13,refine,
T,0.45,0.88,155,0.8035,8885,11108,79.99,79.99,195.10,refine,
T,0.45,0.89,144,0.7927,9038,11108,81.36,81.36,148.86,refine,
T,0.45,0.9,138,0.7818,9241,11108,83.19,83.19,106.95,refine,
T,0.46,0.85,159,0.8199,9019,11108,81.19,81.19,188.11,refine,
T,0.46,0.86,184,0.8235,8023,11108,72.23,72.23,171.10,refine,
T,0.46,0.87,155,0.8035,9039,11108,81.37,81.37,157.00,refine,
T,0.46,0.88,155,0.7995,8726,11108,78.56,78.56,160.39,refine,
T,0.46,0.89,139,0.7834,9109,11108,82.00,82.00,114.58,refine,
T,0.46,0.9,120,0.7618,9862,11108,88.78,88.78,81.71,refine,
T,0.47,0.85,163,0.8411,8912,11108,80.23,80.23,164.06,refine,
T,0.47,0.86,176,0.8250,9082,11108,81.76,81.76,147.07,refine,
T,0.47,0.87,170,0.8028,8272,11108,74.47,74.47,151.77,refine,
T,0.47,0.88,149,0.8146,9085,11108,81.79,81.79,117.21,refine,
T,0.47,0.89,161,0.8142,8753,11108,78.80,78.80,110.67,refine,
T,0.47,0.9,163,0.7940,8618,11108,77.58,77.58,133.06,refine,
T,0.48,0.85,177,0.8489,8426,11108,75.86,75.86,121.92,refine,
T,0.48,0.86,181,0.8167,8350,11108,75.17,75.17,112.58,refine,
T,0.48,0.87,146,0.8267,9585,11108,86.29,86.29,83.24,refine,
T,0.48,0.88,148,0.8134,9146,11108,82.34,82.34,84.75,refine,
T,0.48,0.89,168,0.8098,8093,11108,72.86,72.86,127.66,refine,
T,0.48,0.9,154,0.7917,8939,11108,80.47,80.47,120.52,refine,
T,0.49,0.85,178,0.8502,8354,11108,75.21,75.21,97.64,refine,
T,0.49,0.86,171,0.8269,8401,11108,75.63,75.63,88.75,refine,
T,0.49,0.87,138,0.8057,9508,11108,85.60,85.60,60.21,refine,
T,0.49,0.88,137,0.7938,9255,11108,83.32,83.32,78.52,refine,
T,0.49,0.89,156,0.7909,9518,11108,85.69,85.69,85.55,refine,
T,0.49,0.9,145,0.7825,9645,11108,86.83,86.83,73.98,refine,
T,0.5,0.85,170,0.8295,8444,11108,76.02,76.02,92.25,refine,
T,0.5,0.86,154,0.7881,8914,11108,80.25,80.25,86.61,refine,
T,0.5,0.87,135,0.8185,9643,11108,86.81,86.81,68.19,refine,
T,0.5,0.88,166,0.8060,8983,11108,80.87,80.87,73.07,refine,
T,0.5,0.89,122,0.8072,9934,11108,89.43,89.43,54.18,refine,
T,0.51,0.85,180,0.8390,8404,11108,75.66,75.66,91.97,refine,
T,0.51,0.86,184,0.8211,8496,11108,76.49,76.49,100.74,refine,
T,0.51,0.87,184,0.8154,8200,11108,73.82,73.82,92.92,refine,
T,0.51,0.88,155,0.8111,9743,11108,87.71,87.71,68.67,refine,
T,0.51,0.89,160,0.8114,9640,11108,86.78,86.78,65.25,refine,
T,0.51,0.9,138,0.7431,9194,11108,82.77,82.77,61.55,refine,
T,0.52,0.85,177,0.8111,8382,11108,75.46,75.46,62.67,refine,
T,0.52,0.86,168,0.8164,8449,11108,76.06,76.06,72.09,refine,
T,0.52,0.87,161,0.8047,8501,11108,76.53,76.53,63.72,refine,
T,0.52,0.88,160,0.8248,8854,11108,79.71,79.71,64.23,refine,
T,0.52,0.89,136,0.8010,9301,11108,83.73,83.73,48.70,refine,
T,0.52,0.9,138,0.7790,9584,11108,86.28,86.28,46.01,refine,
T,0.53,0.85,190,0.8260,7927,11108,71.36,71.36,83.34,refine,
T,0.53,0.86,144,0.8011,9431,11108,84.90,84.90,42.12,refine,
T,0.53,0.87,189,0.7973,8165,11108,73.51,73.51,71.18,refine,
T,0.53,0.88,149,0.7927,8878,11108,79.92,79.92,49.10,refine,
T,0.53,0.89,132,0.7781,8794,11108,79.17,79.17,47.38,refine,
T,0.53,0.9,128,0.7744,9198,11108,82.81,82.81,39.84,refine,
T,0.54,0.85,162,0.8254,9305,11108,83.77,83.77,57.16,refine,
T,0.54,0.86,172,0.8368,9097,11108,81.90,81.90,61.18,refine,
T,0.54,0.87,138,0.8044,9165,11108,82.51,82.51,39.66,refine,
T,0.54,0.88,166,0.7877,8235,11108,74.14,74.14,47.57,refine,
T,0.54,0.89,148,0.7724,8703,11108,78.35,78.35,47.18,refine,
T,0.54,0.9,140,0.7766,9294,11108,83.67,83.67,47.52,refine,
T,0.55,0.85,157,0.8180,9136,11108,82.25,82.25,42.31,refine,
T,0.55,0.86,188,0.8124,7998,11108,72.00,72.00,61.50,refine,
T,0.55,0.87,175,0.8308,7826,11108,70.45,70.45,51.51,refine,
T,0.55,0.88,149,0.7986,9464,11108,85.20,85.20,44.20,refine,
T,0.55,0.89,126,0.7922,9572,11108,86.17,86.17,35.02,refine,
T,0.55,0.9,151,0.8194,8906,11108,80.18,80.18,41.30,refine,
T,0.65,0.85,183,0.8283,8121,11108,73.11,73.11,25.65,refine,
T,0.65,0.86,181,0.8273,8573,11108,77.18,77.18,24.10,refine,
T,0.65,0.87,163,0.8162,8547,11108,76.94,76.94,21.10,refine,
T,0.65,0.88,158,0.8013,9364,11108,84.30,84.30,21.04,refine,
T,0.65,0.89,157,0.7876,8713,11108,78.44,78.44,22.47,refine,
T,0.65,0.9,151,0.8033,8933,11108,80.42,80.42,20.53,refine,
T,0.66,0.85,175,0.8385,8411,11108,75.72,75.72,19.83,refine,
T,0.66,0.86,172,0.8188,8690,11108,78.23,78.23,21.70,refine,
T,0.66,0.87,164,0.8088,8839,11108,79.57,79.57,18.37,refine,
T,0.66,0.88,173,0.8219,8346,11108,75.14,75.14,20.44,refine,
T,0.66,0.89,149,0.7927,9041,11108,81.39,81.39,17.36,refine,
T,0.66,0.9,162,0.8143,8150,11108,73.37,73.37,19.84,refine,
T,0.67,0.85,175,0.8302,8140,11108,73.28,73.28,18.74,refine,
T,0.67,0.86,155,0.8239,8458,11108,76.14,76.14,18.19,refine,
T,0.67,0.87,161,0.8023,8806,11108,79.28,79.28,20.05,refine,
T,0.67,0.88,155,0.8096,8530,11108,76.79,76.79,18.52,refine,
T,0.67,0.89,147,0.7852,9323,11108,83.93,83.93,20.43,refine,
T,0.67,0.9,158,0.8022,8763,11108,78.89,78.89,19.26,refine,
T,0.68,0.85,175,0.8376,8575,11108,77.20,77.20,19.90,refine,
T,0.68,0.86,179,0.8236,8301,11108,74.73,74.73,19.45,refine,
T,0.68,0.87,149,0.8226,8761,11108,78.87,78.87,19.32,refine,
T,0.68,0.88,141,0.7766,8741,11108,78.69,78.69,19.24,refine,
T,0.68,0.89,151,0.7913,9361,11108,84.27,84.27,17.43,refine,
T,0.68,0.9,134,0.7830,9491,11108,85.44,85.44,18.25,refine,
T,0.69,0.85,183,0.8185,8313,11108,74.84,74.84,18.89,refine,
T,0.69,0.86,177,0.8380,8574,11108,77.19,77.19,21.03,refine,
T,0.69,0.87,175,0.8215,8290,11108,74.63,74.63,18.95,refine,
T,0.69,0.88,144,0.7997,8870,11108,79.85,79.85,16.13,refine,
T,0.69,0.89,158,0.7871,8225,11108,74.05,74.05,19.25,refine,
T,0.69,0.9,152,0.7854,9084,11108,81.78,81.78,18.40,refine,
T,0.7,0.85,166,0.8408,8753,11108,78.80,78.80,19.18,refine,
T,0.7,0.86,174,0.8224,8209,11108,73.90,73.90,18.90,refine,
T,0.7,0.87,165,0.8146,8353,11108,75.20,75.20,18.48,refine,
T,0.7,0.88,152,0.8194,9006,11108,81.08,81.08,17.92,refine,
T,0.7,0.89,144,0.8013,9115,11108,82.06,82.06,17.49,refine,
T,0.71,0.85,157,0.8329,8683,11108,78.17,78.17,17.18,refine,
T,0.71,0.86,159,0.8059,8399,11108,75.61,75.61,17.34,refine,
T,0.71,0.87,150,0.8024,9032,11108,81.31,81.31,16.28,refine,
T,0.71,0.88,172,0.8417,8628,11108,77.67,77.67,18.23,refine,
T,0.71,0.89,159,0.8212,8895,11108,80.08,80.08,18.69,refine,
T,0.71,0.9,143,0.7938,9107,11108,81.99,81.99,15.66,refine,
T,0.72,0.85,171,0.8291,8871,11108,79.86,79.86,17.09,refine,
T,0.72,0.86,166,0.8350,8352,11108,75.19,75.19,17.69,refine,
T,0.72,0.87,173,0.8063,8561,11108,77.07,77.07,19.15,refine,
T,0.72,0.88,165,0.8053,8839,11108,79.57,79.57,17.41,refine,
T,0.72,0.89,152,0.7992,8810,11108,79.31,79.31,16.13,refine,
T,0.72,0.9,160,0.8140,8840,11108,79.58,79.58,19.10,refine,
T,0.73,0.85,176,0.8375,8546,11108,76.94,76.94,17.20,refine,
T,0.73,0.86,170,0.8191,8617,11108,77.57,77.57,17.00,refine,
T,0.73,0.87,155,0.8188,8502,11108,76.54,76.54,16.18,refine,
T,0.73,0.88,147,0.8060,8751,11108,78.78,78.78,17.73,refine,
T,0.73,0.89,151,0.7823,9515,11108,85.66,85.66,17.71,refine,
T,0.73,0.9,149,0.8076,8802,11108,79.24,79.24,17.02,refine,
T,0.74,0.85,198,0.8500,7822,11108,70.42,70.42,19.84,refine,
T,0.74,0.86,173,0.8209,8337,11108,75.05,75.05,18.08,refine,
T,0.74,0.87,173,0.8261,8312,11108,74.83,74.83,17.18,refine,
T,0.74,0.88,162,0.8246,8171,11108,73.56,73.56,16.97,refine,
T,0.74,0.89,176,0.8172,8299,11108,74.71,74.71,18.61,refine,
T,0.74,0.9,138,0.7637,9380,11108,84.44,84.44,16.02,refine,
T,0.75,0.85,165,0.8290,8530,11108,76.79,76.79,16.83,refine,
T,0.75,0.86,149,0.8267,9073,11108,81.68,81.68,15.02,refine,
T,0.75,0.87,139,0.8250,9271,11108,83.46,83.46,16.39,refine,
T,0.75,0.88,172,0.7968,8875,11108,79.90,79.90,19.01,refine,
T,0.75,0.89,162,0.8034,9187,11108,82.71,82.71,17.25,refine,
T,0.75,0.9,157,0.7950,8685,11108,78.19,78.19,15.70,refine,
TS,0.45,0.55,225,0.9264,7830,11109,70.48,70.48,54.37,refine,
TS,0.45,0.56,232,0.9299,7841,11109,70.58,70.58,71.17,refine,
TS,0.45,0.57,229,0.9254,7782,11109,70.05,70.05,59.18,refine,
TS,0.45,0.58,239,0.9210,7614,11109,68.54,68.54,52.66,refine,
TS,0.45,0.59,208,0.9296,8254,11109,74.30,74.30,40.94,refine,
TS,0.45,0.6,211,0.9268,8019,11109,72.18,72.18,48.75,refine,
TS,0.45,0.61,188,0.9312,8418,11109,75.78,75.78,31.39,refine,
TS,0.45,0.62,195,0.9207,8019,11109,72.18,72.18,33.98,refine,
TS,0.45,0.63,174,0.9263,8929,11109,80.38,80.38,31.84,refine,
TS,0.45,0.64,177,0.9200,8723,11109,78.52,78.52,36.96,refine,
TS,0.45,0.65,161,0.9309,8628,11109,77.67,77.67,21.83,refine,
TS,0.45,0.66,161,0.9184,8948,11109,80.55,80.55,28.56,refine,
TS,0.45,0.67,187,0.9168,8734,11109,78.62,78.62,28.86,refine,
TS,0.45,0.68,159,0.9098,8770,11109,78.94,78.94,26.34,refine,
TS,0.45,0.69,155,0.9072,9071,11109,81.65,81.65,25.25,refine,
TS,0.45,0.7,154,0.9049,8846,11109,79.63,79.63,21.97,refine,
TS,0.45,0.71,153,0.9070,9258,11109,83.34,83.34,21.24,refine,
TS,0.45,0.72,153,0.8872,8834,11109,79.52,79.52,28.00,refine,
TS,0.45,0.73,147,0.9014,9039,11109,81.37,81.37,23.18,refine,
TS,0.45,0.74,152,0.8686,9342,11109,84.09,84.09,23.66,refine,
TS,0.45,0.75,122,0.8704,8742,11109,78.69,78.69,21.78,refine,
TS,0.46,0.55,255,0.9171,7760,11109,69.85,69.85,51.37,refine,
TS,0.46,0.56,240,0.9282,7194,11109,64.76,64.76,75.84,refine,
TS,0.46,0.57,226,0.9269,7619,11109,68.58,68.58,50.20,refine,
TS,0.46,0.58,218,0.9244,8091,11109,72.83,72.83,46.02,refine,
TS,0.46,0.59,205,0.9226,8152,11109,73.38,73.38,36.11,refine,
TS,0.46,0.6,200,0.9280,8247,11109,74.24,74.24,42.64,refine,
TS,0.46,0.61,210,0.9242,7339,11109,66.06,66.06,32.52,refine,
TS,0.46,0.62,189,0.9184,7896,11109,71.08,71.08,26.17,refine,
TS,0.46,0.63,197,0.9291,8626,11109,77.65,77.65,31.03,refine,
TS,0.46,0.64,168,0.9258,9040,11109,81.38,81.38,20.89,refine,
TS,0.46,0.65,180,0.9217,8555,11109,77.01,77.01,34.89,refine,
TS,0.46,0.66,170,0.9195,9022,11109,81.21,81.21,27.23,refine,
TS,0.46,0.67,172,0.9091,8471,11109,76.25,76.25,34.15,refine,
TS,0.46,0.68,157,0.8925,8537,11109,76.85,76.85,28.36,refine,
TS,0.46,0.69,165,0.8975,8930,11109,80.39,80.39,25.24,refine,
TS,0.46,0.7,158,0.9032,8828,11109,79.47,79.47,24.74,refine,
TS,0.46,0.71,167,0.9074,9019,11109,81.19,81.19,26.62,refine,
TS,0.46,0.72,146,0.8949,9376,11109,84.40,84.40,23.00,refine,
TS,0.46,0.73,157,0.8945,8908,11109,80.19,80.19,24.63,refine,
TS,0.46,0.74,142,0.8901,9069,11109,81.64,81.64,21.65,refine,
TS,0.46,0.75,143,0.8694,9136,11109,82.24,82.24,24.64,refine,
TS,0.47,0.55,241,0.9296,7325,11109,65.94,65.94,51.52,refine,
TS,0.47,0.56,237,0.9180,7562,11109,68.07,68.07,51.79,refine,
TS,0.47,0.57,221,0.9309,7719,11109,69.48,69.48,47.90,refine,
TS,0.47,0.58,214,0.9257,7806,11109,70.27,70.27,32.95,refine,
TS,0.47,0.59,213,0.9360,7657,11109,68.93,68.93,45.92,refine,
TS,0.47,0.6,217,0.9201,7930,11109,71.38,71.38,44.48,refine,
TS,0.47,0.61,195,0.9244,8008,11109,72.09,72.09,34.84,refine,
TS,0.47,0.62,189,0.9318,8116,11109,73.06,73.06,27.73,refine,
TS,0.47,0.63,193,0.9270,7890,11109,71.02,71.02,34.68,refine,
TS,0.47,0.64,176,0.9277,8562,11109,77.07,77.07,24.90,refine,
TS,0.47,0.65,180,0.9149,8369,11109,75.34,75.34,29.80,refine,
TS,0.47,0.66,174,0.9209,8813,11109,79.33,79.33,28.06,refine,
TS,0.47,0.67,178,0.9082,8293,11109,74.65,74.65,32.10,refine,
TS,0.47,0.68,175,0.9163,8752,11109,78.78,78.78,24.89,refine,
TS,0.47,0.69,165,0.9028,8805,11109,79.26,79.26,24.41,refine,
TS,0.47,0.7,157,0.9078,9261,11109,83.36,83.36,21.42,refine,
TS,0.47,0.71,157,0.8991,8484,11109,76.37,76.37,23.33,refine,
TS,0.47,0.72,163,0.8843,8747,11109,78.74,78.74,22.88,refine,
TS,0.47,0.73,146,0.8814,9191,11109,82.73,82.73,18.76,refine,
TS,0.47,0.74,151,0.8849,9529,11109,85.78,85.78,22.30,refine,
TS,0.47,0.75,143,0.8666,9133,11109,82.21,82.21,20.33,refine,
TS,0.48,0.55,253,0.9195,7116,11109,64.06,64.06,40.47,refine,
TS,0.48,0.56,246,0.9240,7359,11109,66.24,66.24,39.59,refine,
TS,0.48,0.57,224,0.9235,7443,11109,67.00,67.00,38.35,refine,
TS,0.48,0.58,223,0.9250,7640,11109,68.77,68.77,30.81,refine,
TS,0.48,0.59,204,0.9115,7581,11109,68.24,68.24,25.17,refine,
TS,0.48,0.6,194,0.9323,8516,11109,76.66,76.66,28.32,refine,
TS,0.48,0.61,204,0.9250,8471,11109,76.25,76.25,25.49,refine,
TS,0.48,0.62,217,0.9292,8231,11109,74.09,74.09,32.95,refine,
TS,0.48,0.63,187,0.9326,8197,11109,73.79,73.79,25.53,refine,
TS,0.48,0.64,172,0.9166,8443,11109,76.00,76.00,22.17,refine,
TS,0.48,0.65,192,0.9108,8010,11109,72.10,72.10,21.36,refine,
TS,0.48,0.66,180,0.9141,8636,11109,77.74,77.74,24.87,refine,
TS,0.48,0.67,176,0.9158,8744,11109,78.71,78.71,25.67,refine,
TS,0.48,0.68,167,0.8975,8909,11109,80.20,80.20,20.78,refine,
TS,0.48,0.69,167,0.9065,9095,11109,81.87,81.87,23.84,refine,
TS,0.48,0.7,165,0.8947,8723,11109,78.52,78.52,20.93,refine,
TS,0.48,0.71,171,0.9088,8657,11109,77.93,77.93,25.25,refine,
TS,0.48,0.72,158,0.8913,8987,11109,80.90,80.90,24.06,refine,
TS,0.48,0.73,147,0.9009,8978,11109,80.82,80.82,21.16,refine,
TS,0.48,0.74,142,0.8698,9454,11109,85.10,85.10,19.98,refine,
TS,0.48,0.75,135,0.8682,9128,11109,82.17,82.17,20.77,refine,
TS,0.49,0.55,230,0.9309,7561,11109,68.06,68.06,40.83,refine,
TS,0.49,0.56,242,0.9247,7146,11109,64.33,64.33,32.10,refine,
TS,0.49,0.57,233,0.9243,7402,11109,66.63,66.63,30.03,refine,
TS,0.49,0.58,242,0.9275,7677,11109,69.11,69.11,34.07,refine,
TS,0.49,0.59,232,0.9254,7580,11109,68.23,68.23,29.65,refine,
TS,0.49,0.6,203,0.9182,8021,11109,72.20,72.20,26.51,refine,
TS,0.49,0.61,198,0.9234,8027,11109,72.26,72.26,33.09,refine,
TS,0.49,0.62,192,0.9294,7969,11109,71.73,71.73,27.59,refine,
TS,0.49,0.63,193,0.9259,8152,11109,73.38,73.38,26.89,refine,
TS,0.49,0.64,190,0.9205,8645,11109,77.82,77.82,26.75,refine,
TS,0.49,0.65,196,0.9294,8312,11109,74.82,74.82,33.15,refine,
TS,0.49,0.66,174,0.9285,8610,11109,77.50,77.50,22.19,refine,
TS,0.49,0.67,172,0.9181,8554,11109,77.00,77.00,21.63,refine,
TS,0.49,0.68,175,0.9115,8721,11109,78.50,78.50,21.36,refine,
TS,0.49,0.69,160,0.9146,9049,11109,81.46,81.46,20.10,refine,
TS,0.49,0.7,140,0.8925,8824,11109,79.43,79.43,17.32,refine,
TS,0.49,0.71,155,0.8926,9026,11109,81.25,81.25,18.66,refine,
TS,0.49,0.72,152,0.8974,8862,11109,79.77,79.77,19.43,refine,
TS,0.49,0.73,153,0.8904,9146,11109,82.33,82.33,20.69,refine,
TS,0.49,0.74,150,0.8861,9004,11109,81.05,81.05,20.66,refine,
TS,0.49,0.75,149,0.8814,9092,11109,81.84,81.84,18.31,refine,
TS,0.5,0.55,249,0.9299,7637,11109,68.75,68.75,26.06,refine,
TS,0.5,0.56,225,0.9218,7703,11109,69.34,69.34,23.56,refine,
TS,0.5,0.57,219,0.9322,7800,11109,70.21,70.21,24.41,refine,
TS,0.5,0.58,210,0.9217,7416,11109,66.76,66.76,23.76,refine,
TS,0.5,0.59,210,0.9198,8259,11109,74.35,74.35,21.28,refine,
TS,0.5,0.61,208,0.9291,7786,11109,70.09,70.09,21.72,refine,
TS,0.5,0.62,187,0.9247,8313,11109,74.83,74.83,20.30,refine,
TS,0.5,0.63,203,0.9173,8255,11109,74.31,74.31,24.75,refine,
TS,0.5,0.64,193,0.9216,7632,11109,68.70,68.70,19.76,refine,
TS,0.5,0.65,195,0.9220,8829,11109,79.48,79.48,20.30,refine,
TS,0.5,0.66,191,0.9243,8161,11109,73.46,73.46,21.04,refine,
TS,0.5,0.67,178,0.9275,8369,11109,75.34,75.34,21.94,refine,
TS,0.5,0.68,163,0.9132,8781,11109,79.04,79.04,17.71,refine,
TS,0.5,0.69,160,0.9097,9093,11109,81.85,81.85,17.13,refine,
TS,0.5,0.71,169,0.8993,8319,11109,74.89,74.89,16.27,refine,
TS,0.5,0.72,168,0.8961,8841,11109,79.58,79.58,18.04,refine,
TS,0.5,0.73,143,0.8828,9088,11109,81.81,81.81,17.78,refine,
TS,0.5,0.74,136,0.9066,8760,11109,78.85,78.85,16.57,refine,
TS,0.5,0.75,130,0.8738,9597,11109,86.39,86.39,15.64,refine,
TS,0.51,0.55,268,0.9251,7159,11109,64.44,64.44,27.90,refine,
TS,0.51,0.56,236,0.9232,7900,11109,71.11,71.11,24.65,refine,
TS,0.51,0.57,241,0.9223,7691,11109,69.23,69.23,29.65,refine,
TS,0.51,0.58,237,0.9254,8333,11109,75.01,75.01,25.31,refine,
TS,0.51,0.59,219,0.9215,7801,11109,70.22,70.22,23.68,refine,
TS,0.51,0.6,211,0.9147,7873,11109,70.87,70.87,23.15,refine,
TS,0.51,0.61,222,0.9233,8138,11109,73.26,73.26,25.38,refine,
TS,0.51,0.62,207,0.9203,8509,11109,76.60,76.60,22.51,refine,
TS,0.51,0.63,190,0.9258,8003,11109,72.04,72.04,19.87,refine,
TS,0.51,0.64,207,0.9213,7573,11109,68.17,68.17,24.80,refine,
TS,0.51,0.65,197,0.9167,8152,11109,73.38,73.38,21.47,refine,
TS,0.51,0.66,187,0.9198,8676,11109,78.10,78.10,18.54,refine,
TS,0.51,0.67,178,0.9210,8009,11109,72.09,72.09,18.70,refine,
TS,0.51,0.68,168,0.9217,8503,11109,76.54,76.54,19.15,refine,
TS,0.51,0.69,160,0.9153,9233,11109,83.11,83.11,20.23,refine,
TS,0.51,0.7,164,0.9038,9082,11109,81.75,81.75,20.29,refine,
TS,0.51,0.71,163,0.8956,8688,11109,78.21,78.21,17.26,refine,
TS,0.51,0.72,155,0.9073,8971,11109,80.75,80.75,19.91,refine,
TS,0.51,0.73,160,0.8945,8971,11109,80.75,80.75,18.29,refine,
TS,0.51,0.74,156,0.9040,8629,11109,77.68,77.68,17.77,refine,
TS,0.51,0.75,148,0.8764,9130,11109,82.19,82.19,18.94,refine,
TS,0.52,0.55,279,0.9271,7524,11109,67.73,67.73,24.92,refine,
TS,0.52,0.56,231,0.9213,7315,11109,65.85,65.85,23.54,refine,
TS,0.52,0.57,241,0.9317,7861,11109,70.76,70.76,24.72,refine,
TS,0.52,0.58,233,0.9359,7401,11109,66.62,66.62,28.66,refine,
TS,0.52,0.59,222,0.9272,7704,11109,69.35,69.35,23.82,refine,
TS,0.52,0.6,210,0.9278,7674,11109,69.08,69.08,23.95,refine,
TS,0.52,0.61,220,0.9204,7955,11109,71.61,71.61,21.19,refine,
TS,0.52,0.62,207,0.9324,8189,11109,73.72,73.72,21.23,refine,
TS,0.52,0.63,196,0.9240,8021,11109,72.20,72.20,22.43,refine,
TS,0.52,0.64,189,0.9230,8752,11109,78.78,78.78,19.32,refine,
TS,0.52,0.65,183,0.9216,8489,11109,76.42,76.42,19.06,refine,
TS,0.52,0.66,188,0.9142,8679,11109,78.13,78.13,18.93,refine,
TS,0.52,0.67,158,0.9143,8866,11109,79.81,79.81,17.58,refine,
TS,0.52,0.68,173,0.9114,8514,11109,76.64,76.64,19.77,refine,
TS,0.52,0.69,161,0.9075,8575,11109,77.19,77.19,17.45,refine,
TS,0.52,0.7,170,0.9161,8387,11109,75.50,75.50,17.74,refine,
TS,0.52,0.71,170,0.9043,8481,11109,76.34,76.34,18.45,refine,
TS,0.52,0.72,161,0.8952,9168,11109,82.53,82.53,18.77,refine,
TS,0.52,0.73,152,0.8953,9205,11109,82.86,82.86,17.79,refine,
TS,0.52,0.74,138,0.8933,9237,11109,83.15,83.15,17.02,refine,
TS,0.52,0.75,156,0.8819,8527,11109,76.76,76.76,18.86,refine,
TS,0.53,0.55,272,0.9216,7930,11109,71.38,71.38,26.70,refine,
TS,0.53,0.56,257,0.9240,7682,11109,69.15,69.15,26.30,refine,
TS,0.53,0.57,265,0.9137,7213,11109,64.93,64.93,25.66,refine,
TS,0.53,0.58,246,0.9228,7558,11109,68.03,68.03,29.02,refine,
TS,0.53,0.59,254,0.9260,7288,11109,65.60,65.60,29.93,refine,
TS,0.53,0.6,209,0.9212,7750,11109,69.76,69.76,19.67,refine,
TS,0.53,0.61,220,0.9249,7657,11109,68.93,68.93,21.49,refine,
TS,0.53,0.62,209,0.9261,8434,11109,75.92,75.92,20.27,refine,
TS,0.53,0.63,205,0.9253,7841,11109,70.58,70.58,22.84,refine,
TS,0.53,0.64,196,0.9290,7792,11109,70.14,70.14,19.05,refine,
TS,0.53,0.65,175,0.9150,8449,11109,76.06,76.06,18.92,refine,
TS,0.53,0.66,191,0.9182,8462,11109,76.17,76.17,19.92,refine,
TS,0.53,0.67,190,0.9195,8179,11109,73.62,73.62,18.95,refine,
TS,0.53,0.68,180,0.9211,7621,11109,68.60,68.60,19.41,refine,
TS,0.53,0.69,181,0.9175,8440,11109,75.97,75.97,19.34,refine,
TS,0.53,0.7,174,0.9175,9372,11109,84.36,84.36,20.34,refine,
TS,0.53,0.71,174,0.9117,8619,11109,77.59,77.59,18.88,refine,
TS,0.53,0.72,164,0.9138,8189,11109,73.72,73.72,18.25,refine,
TS,0.53,0.73,151,0.9096,9017,11109,81.17,81.17,17.62,refine,
TS,0.53,0.74,148,0.8893,9158,11109,82.44,82.44,16.49,refine,
TS,0.53,0.75,157,0.8777,9216,11109,82.96,82.96,17.22,refine,
TS,0.54,0.55,270,0.9183,7391,11109,66.53,66.53,22.99,refine,
TS,0.54,0.56,226,0.9314,8091,11109,72.83,72.83,19.81,refine,
TS,0.54,0.57,242,0.9218,7162,11109,64.47,64.47,18.59,refine,
TS,0.54,0.58,237,0.9266,7865,11109,70.80,70.80,18.67,refine,
TS,0.54,0.59,225,0.9229,7821,11109,70.40,70.40,20.14,refine,
TS,0.54,0.6,204,0.9264,7709,11109,69.39,69.39,17.61,refine,

----------------------------------------------------------------

T,0.6,0.71,235,0.8793,6770,11108,60.95,60.95,32.03,refine,
T,0.6,0.72,235,0.8675,7305,11108,65.76,65.76,26.73,refine,
T,0.6,0.73,204,0.8640,7617,11108,68.57,68.57,25.06,refine,
T,0.6,0.74,210,0.8783,7758,11108,69.84,69.84,32.96,refine,
T,0.6,0.75,209,0.8859,6811,11108,61.32,61.32,28.23,refine,
T,0.6,0.76,194,0.8760,7577,11108,68.21,68.21,28.69,refine,
T,0.6,0.77,219,0.8622,7244,11108,65.21,65.21,38.70,refine,
T,0.6,0.78,228,0.8683,7393,11108,66.56,66.56,54.40,refine,
T,0.6,0.79,214,0.8665,7642,11108,68.80,68.80,40.53,refine,
T,0.61,0.7,258,0.8670,6404,11108,57.65,57.65,41.29,refine,
T,0.61,0.71,247,0.8774,6912,11108,62.23,62.23,42.44,refine,
T,0.61,0.72,265,0.8674,6818,11108,61.38,61.38,56.26,refine,
T,0.61,0.73,246,0.8770,6877,11108,61.91,61.91,43.42,refine,
T,0.61,0.74,249,0.8782,7087,11108,63.80,63.80,52.73,refine,
T,0.61,0.75,227,0.8745,7093,11108,63.85,63.85,33.58,refine,
T,0.61,0.76,219,0.8598,7350,11108,66.17,66.17,41.19,refine,
T,0.61,0.77,209,0.8632,7571,11108,68.16,68.16,38.57,refine,
T,0.61,0.78,213,0.8581,7896,11108,71.08,71.08,33.16,refine,
T,0.61,0.79,198,0.8751,7371,11108,66.36,66.36,31.34,refine,
T,0.61,0.8,212,0.8556,7272,11108,65.47,65.47,36.15,refine,
T,0.62,0.7,242,0.8892,7781,11108,70.05,70.05,41.40,refine,
T,0.62,0.71,233,0.8728,7348,11108,66.15,66.15,33.08,refine,
T,0.62,0.72,213,0.8594,7713,11108,69.44,69.44,25.72,refine,
T,0.62,0.73,216,0.8670,7087,11108,63.80,63.80,24.40,refine,
T,0.62,0.74,227,0.8759,7231,11108,65.10,65.10,26.21,refine,
T,0.62,0.75,220,0.8706,7354,11108,66.20,66.20,25.90,refine,
T,0.62,0.76,212,0.8672,7379,11108,66.43,66.43,28.62,refine,
T,0.62,0.77,210,0.8613,7807,11108,70.28,70.28,26.36,refine,
T,0.62,0.78,211,0.8429,7714,11108,69.45,69.45,26.30,refine,
T,0.62,0.79,203,0.8572,8107,11108,72.98,72.98,32.57,refine,
T,0.62,0.8,191,0.8553,8469,11108,76.24,76.24,27.57,refine,
T,0.63,0.7,246,0.8799,7060,11108,63.56,63.56,29.13,refine,
T,0.63,0.71,241,0.8848,7171,11108,64.56,64.56,35.19,refine,
T,0.63,0.72,242,0.8735,6564,11108,59.09,59.09,29.92,refine,
T,0.63,0.73,217,0.8706,7016,11108,63.16,63.16,24.28,refine,
T,0.63,0.74,218,0.8847,7431,11108,66.90,66.90,23.91,refine,
T,0.63,0.75,211,0.8719,7505,11108,67.56,67.56,26.23,refine,
T,0.63,0.76,207,0.8698,7154,11108,64.40,64.40,27.22,refine,
T,0.63,0.77,217,0.8823,8007,11108,72.08,72.08,37.29,refine,
T,0.63,0.78,202,0.8668,7924,11108,71.34,71.34,21.58,refine,
T,0.63,0.79,204,0.8544,7417,11108,66.77,66.77,22.97,refine,
T,0.63,0.8,211,0.8510,7290,11108,65.63,65.63,25.15,refine,
T,0.64,0.7,251,0.8666,6744,11108,60.71,60.71,25.07,refine,
T,0.64,0.71,266,0.8767,6381,11108,57.45,57.45,28.26,refine,
T,0.64,0.72,238,0.8638,6545,11108,58.92,58.92,24.85,refine,
T,0.64,0.73,224,0.8678,6578,11108,59.22,59.22,25.62,refine,
T,0.64,0.74,233,0.8685,6879,11108,61.93,61.93,26.11,refine,
T,0.64,0.75,215,0.8573,7826,11108,70.45,70.45,26.58,refine,
T,0.64,0.76,190,0.8792,7684,11108,69.18,69.18,22.56,refine,
T,0.64,0.77,185,0.8562,8255,11108,74.32,74.32,20.76,refine,
T,0.64,0.78,199,0.8544,7695,11108,69.27,69.27,23.05,refine,
T,0.64,0.79,208,0.8528,7814,11108,70.35,70.35,23.40,refine,
T,0.64,0.8,197,0.8707,7309,11108,65.80,65.80,22.30,refine,
T,0.65,0.7,227,0.8686,7131,11108,64.20,64.20,23.64,refine,
T,0.65,0.71,266,0.8659,6590,11108,59.33,59.33,27.13,refine,
T,0.65,0.72,235,0.8623,6893,11108,62.05,62.05,25.66,refine,
T,0.65,0.73,225,0.8712,7380,11108,66.44,66.44,24.37,refine,
T,0.65,0.74,202,0.8764,7485,11108,67.38,67.38,21.22,refine,
T,0.65,0.75,215,0.8557,7493,11108,67.46,67.46,25.00,refine,
T,0.65,0.76,214,0.8779,7211,11108,64.92,64.92,26.11,refine,
T,0.65,0.77,218,0.8593,7631,11108,68.70,68.70,22.61,refine,
T,0.65,0.78,191,0.8770,7946,11108,71.53,71.53,21.03,refine,
T,0.65,0.79,172,0.8533,8292,11108,74.65,74.65,18.07,refine,
T,0.65,0.8,193,0.8748,8294,11108,74.67,74.67,20.01,refine,
T,0.66,0.7,247,0.8758,7206,11108,64.87,64.87,26.89,refine,
T,0.66,0.71,262,0.8804,6938,11108,62.46,62.46,27.94,refine,
T,0.66,0.72,252,0.8724,7049,11108,63.46,63.46,25.56,refine,
T,0.66,0.73,251,0.8659,6705,11108,60.36,60.36,27.16,refine,
T,0.66,0.74,233,0.8547,6898,11108,62.10,62.10,23.78,refine,
T,0.66,0.75,226,0.8701,7465,11108,67.20,67.20,25.13,refine,
T,0.66,0.76,219,0.8806,7483,11108,67.37,67.37,23.90,refine,
T,0.66,0.77,202,0.8515,7399,11108,66.61,66.61,20.76,refine,
T,0.66,0.78,202,0.8523,7322,11108,65.92,65.92,27.00,refine,
T,0.66,0.79,186,0.8576,8143,11108,73.31,73.31,20.82,refine,
T,0.66,0.8,183,0.8471,8287,11108,74.60,74.60,20.99,refine,
T,0.67,0.7,231,0.8801,7799,11108,70.21,70.21,21.92,refine,
T,0.67,0.71,249,0.8735,7175,11108,64.59,64.59,28.79,refine,
T,0.67,0.72,250,0.8642,6978,11108,62.82,62.82,23.84,refine,
T,0.67,0.73,233,0.8681,6648,11108,59.85,59.85,26.08,refine,
T,0.67,0.74,226,0.8556,6953,11108,62.59,62.59,23.42,refine,
T,0.67,0.75,213,0.8576,6840,11108,61.58,61.58,23.76,refine,
T,0.67,0.76,219,0.8621,7186,11108,64.69,64.69,25.63,refine,
T,0.67,0.77,221,0.8667,7433,11108,66.92,66.92,26.65,refine,
T,0.67,0.78,195,0.8708,7880,11108,70.94,70.94,23.26,refine,
T,0.67,0.79,195,0.8633,7735,11108,69.63,69.63,23.75,refine,
T,0.67,0.8,193,0.8516,8027,11108,72.26,72.26,23.39,refine,
T,0.68,0.7,264,0.8644,6594,11108,59.36,59.36,25.27,refine,
T,0.68,0.71,249,0.8779,7069,11108,63.64,63.64,26.97,refine,
T,0.68,0.72,218,0.8751,8011,11108,72.12,72.12,22.87,refine,
T,0.68,0.73,240,0.8746,6786,11108,61.09,61.09,22.59,refine,
T,0.68,0.74,214,0.8767,7067,11108,63.62,63.62,22.53,refine,
T,0.68,0.75,214,0.8420,6994,11108,62.96,62.96,23.88,refine,
T,0.68,0.76,213,0.8686,7323,11108,65.93,65.93,21.04,refine,
T,0.68,0.77,215,0.8764,7415,11108,66.75,66.75,21.12,refine,
T,0.68,0.78,190,0.8527,7881,11108,70.95,70.95,20.07,refine,
T,0.68,0.79,189,0.8590,8250,11108,74.27,74.27,19.24,refine,
T,0.68,0.8,189,0.8410,8062,11108,72.58,72.58,20.59,refine,
T,0.69,0.7,265,0.8708,6488,11108,58.41,58.41,23.72,refine,
T,0.69,0.71,243,0.8825,7227,11108,65.06,65.06,22.75,refine,
T,0.69,0.72,244,0.8716,6794,11108,61.16,61.16,24.32,refine,
T,0.69,0.73,235,0.8710,6621,11108,59.61,59.61,21.85,refine,
T,0.69,0.74,222,0.8856,7125,11108,64.14,64.14,22.69,refine,
T,0.69,0.75,216,0.8682,7689,11108,69.22,69.22,22.79,refine,
T,0.69,0.76,213,0.8748,7787,11108,70.10,70.10,20.59,refine,
T,0.69,0.77,211,0.8647,7721,11108,69.51,69.51,22.14,refine,
T,0.69,0.78,194,0.8661,8169,11108,73.54,73.54,23.06,refine,
T,0.69,0.79,180,0.8448,7961,11108,71.67,71.67,19.95,refine,
T,0.69,0.8,177,0.8547,8359,11108,75.25,75.25,20.28,refine,
T,0.7,0.71,249,0.8613,6606,11108,59.47,59.47,23.04,refine,
T,0.7,0.72,265,0.8724,6267,11108,56.42,56.42,21.85,refine,
T,0.7,0.73,197,0.8806,8275,11108,74.50,74.50,19.44,refine,
T,0.7,0.74,218,0.8819,7615,11108,68.55,68.55,21.62,refine,
T,0.7,0.75,234,0.8746,7205,11108,64.86,64.86,22.21,refine,
T,0.7,0.76,230,0.8597,7206,11108,64.87,64.87,21.36,refine,
T,0.7,0.77,228,0.8800,7158,11108,64.44,64.44,20.36,refine,
T,0.7,0.78,203,0.8666,8126,11108,73.15,73.15,19.81,refine,
T,0.7,0.79,206,0.8466,8017,11108,72.17,72.17,20.50,refine,
TS,0.6,0.71,162,0.8997,8741,11109,78.68,78.68,16.29,refine,
TS,0.6,0.72,169,0.9144,9016,11109,81.16,81.16,14.79,refine,
TS,0.6,0.73,148,0.8998,8796,11109,79.18,79.18,14.14,refine,
TS,0.6,0.74,148,0.8894,9223,11109,83.02,83.02,15.72,refine,
TS,0.6,0.75,132,0.8686,9688,11109,87.21,87.21,14.75,refine,
TS,0.6,0.76,144,0.8572,9138,11109,82.26,82.26,14.66,refine,
TS,0.6,0.77,142,0.8736,9521,11109,85.71,85.71,15.74,refine,
TS,0.6,0.78,147,0.8518,9527,11109,85.76,85.76,16.17,refine,
TS,0.6,0.79,116,0.8243,10218,11109,91.98,91.98,14.25,refine,
TS,0.61,0.7,171,0.9104,8908,11109,80.19,80.19,16.05,refine,
TS,0.61,0.71,172,0.9062,9510,11109,85.61,85.61,16.30,refine,
TS,0.61,0.72,163,0.9069,9273,11109,83.47,83.47,15.60,refine,
TS,0.61,0.73,159,0.8908,9216,11109,82.96,82.96,15.79,refine,
TS,0.61,0.74,159,0.8937,9054,11109,81.50,81.50,16.32,refine,
TS,0.61,0.75,152,0.8786,8514,11109,76.64,76.64,15.67,refine,
TS,0.61,0.76,144,0.8690,8954,11109,80.60,80.60,15.65,refine,
TS,0.61,0.77,145,0.8493,9276,11109,83.50,83.50,14.91,refine,
TS,0.61,0.78,130,0.8644,9367,11109,84.32,84.32,15.27,refine,
TS,0.61,0.79,122,0.8459,10005,11109,90.06,90.06,15.06,refine,
TS,0.61,0.8,128,0.8446,8703,11109,78.34,78.34,14.58,refine,
TS,0.62,0.7,163,0.9083,8241,11109,74.18,74.18,14.81,refine,
TS,0.62,0.71,155,0.9063,9003,11109,81.04,81.04,14.71,refine,
TS,0.62,0.72,165,0.9048,8905,11109,80.16,80.16,14.85,refine,
TS,0.62,0.73,158,0.8949,8837,11109,79.55,79.55,16.24,refine,
TS,0.62,0.74,150,0.8968,9005,11109,81.06,81.06,15.80,refine,
TS,0.62,0.75,148,0.8842,9200,11109,82.82,82.82,16.91,refine,
TS,0.62,0.76,140,0.8854,9574,11109,86.18,86.18,14.43,refine,
TS,0.62,0.77,126,0.8498,9694,11109,87.26,87.26,14.51,refine,
TS,0.62,0.78,145,0.8504,9050,11109,81.47,81.47,13.91,refine,
TS,0.62,0.79,131,0.8266,9598,11109,86.40,86.40,14.75,refine,
TS,0.62,0.8,116,0.8542,9556,11109,86.02,86.02,14.64,refine,
TS,0.63,0.7,172,0.8828,8254,11109,74.30,74.30,15.91,refine,
TS,0.63,0.71,160,0.8930,9060,11109,81.56,81.56,15.99,refine,
TS,0.63,0.72,163,0.8820,8743,11109,78.70,78.70,17.14,refine,
TS,0.63,0.73,165,0.8980,8389,11109,75.52,75.52,17.05,refine,
TS,0.63,0.74,149,0.8819,9173,11109,82.57,82.57,15.25,refine,
TS,0.63,0.75,153,0.8680,8733,11109,78.61,78.61,16.94,refine,
TS,0.63,0.76,140,0.8572,9402,11109,84.63,84.63,15.78,refine,
TS,0.63,0.77,151,0.8615,8863,11109,79.78,79.78,16.12,refine,
TS,0.63,0.78,126,0.8258,8908,11109,80.19,80.19,13.95,refine,
TS,0.63,0.79,133,0.8628,9458,11109,85.14,85.14,14.76,refine,
TS,0.63,0.8,136,0.8290,9412,11109,84.72,84.72,15.10,refine,
TS,0.64,0.7,170,0.8884,8363,11109,75.28,75.28,16.91,refine,
TS,0.64,0.71,148,0.8972,9089,11109,81.82,81.82,16.18,refine,
TS,0.64,0.72,181,0.8886,8968,11109,80.73,80.73,17.08,refine,
TS,0.64,0.73,158,0.8884,8876,11109,79.90,79.90,16.03,refine,
TS,0.64,0.74,149,0.8966,9036,11109,81.34,81.34,16.20,refine,
TS,0.64,0.75,158,0.8769,8772,11109,78.96,78.96,16.42,refine,
TS,0.64,0.76,153,0.8794,8845,11109,79.62,79.62,15.41,refine,
TS,0.64,0.77,136,0.8574,9480,11109,85.34,85.34,15.18,refine,
TS,0.64,0.78,141,0.8567,8805,11109,79.26,79.26,14.63,refine,
TS,0.64,0.79,116,0.8225,10087,11109,90.80,90.80,13.99,refine,
TS,0.64,0.8,120,0.8414,9528,11109,85.77,85.77,14.18,refine,
TS,0.65,0.7,161,0.9021,8279,11109,74.53,74.53,16.01,refine,
TS,0.65,0.71,174,0.8936,9018,11109,81.18,81.18,16.38,refine,
TS,0.65,0.72,161,0.8857,8227,11109,74.06,74.06,15.72,refine,
TS,0.65,0.73,146,0.8847,8940,11109,80.48,80.48,15.16,refine,
TS,0.65,0.74,159,0.8753,8899,11109,80.11,80.11,16.54,refine,
TS,0.65,0.75,159,0.8711,9796,11109,88.18,88.18,15.59,refine,
TS,0.65,0.76,118,0.8408,10053,11109,90.49,90.49,13.61,refine,
TS,0.65,0.77,140,0.8798,8946,11109,80.53,80.53,15.59,refine,
TS,0.65,0.78,128,0.8348,9492,11109,85.44,85.44,15.18,refine,
TS,0.65,0.79,144,0.8664,9284,11109,83.57,83.57,16.95,refine,
TS,0.65,0.8,115,0.8150,9809,11109,88.30,88.30,13.21,refine,
TS,0.66,0.7,166,0.8865,8835,11109,79.53,79.53,16.53,refine,
TS,0.66,0.71,153,0.8687,9053,11109,81.49,81.49,14.75,refine,
TS,0.66,0.72,150,0.8753,9601,11109,86.43,86.43,15.41,refine,
TS,0.66,0.73,163,0.8716,8995,11109,80.97,80.97,14.61,refine,
TS,0.66,0.74,150,0.8646,8975,11109,80.79,80.79,14.86,refine,
TS,0.66,0.75,157,0.8648,9060,11109,81.56,81.56,15.74,refine,
TS,0.66,0.76,134,0.8409,9344,11109,84.11,84.11,14.48,refine,
TS,0.66,0.77,141,0.8222,9177,11109,82.61,82.61,14.84,refine,
TS,0.66,0.78,137,0.8262,9424,11109,84.83,84.83,14.04,refine,
TS,0.66,0.79,118,0.8040,9765,11109,87.90,87.90,13.76,refine,
TS,0.66,0.8,124,0.8150,9576,11109,86.20,86.20,14.87,refine,
TS,0.67,0.7,170,0.8748,8430,11109,75.88,75.88,15.98,refine,
TS,0.67,0.71,159,0.8850,9050,11109,81.47,81.47,14.94,refine,
TS,0.67,0.72,158,0.8857,8649,11109,77.86,77.86,15.65,refine,
TS,0.67,0.73,148,0.8570,9083,11109,81.76,81.76,14.60,refine,
TS,0.67,0.74,150,0.8564,9334,11109,84.02,84.02,15.15,refine,
TS,0.67,0.75,145,0.8385,8817,11109,79.37,79.37,15.07,refine,
TS,0.67,0.76,148,0.8521,9018,11109,81.18,81.18,15.34,refine,
TS,0.67,0.77,120,0.8462,9825,11109,88.44,88.44,13.86,refine,
TS,0.67,0.78,130,0.8105,9665,11109,87.00,87.00,14.15,refine,
TS,0.67,0.79,119,0.8291,9647,11109,86.84,86.84,13.27,refine,
TS,0.67,0.8,101,0.7849,10401,11109,93.63,93.63,13.53,refine,
TS,0.68,0.7,159,0.8919,8682,11109,78.15,78.15,14.85,refine,
TS,0.68,0.71,142,0.8630,8727,11109,78.56,78.56,14.62,refine,
TS,0.68,0.72,157,0.8776,9022,11109,81.21,81.21,14.20,refine,
TS,0.68,0.73,152,0.8865,9348,11109,84.15,84.15,15.15,refine,
TS,0.68,0.74,137,0.8641,9344,11109,84.11,84.11,13.89,refine,
TS,0.68,0.75,141,0.8369,9123,11109,82.12,82.12,15.47,refine,
TS,0.68,0.76,131,0.8552,8887,11109,80.00,80.00,13.54,refine,
TS,0.68,0.77,128,0.8573,9813,11109,88.33,88.33,13.71,refine,
TS,0.68,0.78,132,0.8486,9039,11109,81.37,81.37,14.12,refine,
TS,0.68,0.79,119,0.8214,9536,11109,85.84,85.84,14.19,refine,
TS,0.68,0.8,124,0.8170,8661,11109,77.96,77.96,13.96,refine,
TS,0.69,0.7,171,0.8818,8593,11109,77.35,77.35,15.33,refine,
TS,0.69,0.71,157,0.8888,8215,11109,73.95,73.95,14.81,refine,
TS,0.69,0.72,163,0.8800,8256,11109,74.32,74.32,15.06,refine,
TS,0.69,0.73,170,0.8514,8813,11109,79.33,79.33,15.06,refine,
TS,0.69,0.74,146,0.8714,9001,11109,81.02,81.02,15.18,refine,
TS,0.69,0.75,136,0.8550,8764,11109,78.89,78.89,14.07,refine,
TS,0.69,0.76,143,0.8302,8407,11109,75.68,75.68,14.09,refine,
TS,0.69,0.77,123,0.8457,9292,11109,83.64,83.64,13.50,refine,
TS,0.69,0.78,120,0.8251,10298,11109,92.70,92.70,14.29,refine,
TS,0.69,0.79,120,0.8221,9790,11109,88.13,88.13,14.34,refine,
TS,0.69,0.8,130,0.8074,9995,11109,89.97,89.97,13.00,refine,
TS,0.7,0.71,154,0.8763,8669,11109,78.04,78.04,14.62,refine,
TS,0.7,0.72,148,0.8591,8440,11109,75.97,75.97,14.35,refine,
TS,0.7,0.73,132,0.8557,9538,11109,85.86,85.86,14.41,refine,
TS,0.7,0.74,143,0.8551,9180,11109,82.64,82.64,14.27,refine,
TS,0.7,0.75,133,0.8508,8907,11109,80.18,80.18,15.00,refine,
TS,0.7,0.76,142,0.8599,8787,11109,79.10,79.10,14.40,refine,
TS,0.7,0.77,126,0.8222,9750,11109,87.77,87.77,14.85,refine,
TS,0.7,0.78,126,0.8278,9283,11109,83.56,83.56,14.55,refine,
TS,0.7,0.79,120,0.7949,9798,11109,88.20,88.20,14.75,refine,
S,0.6,0.71,170,0.8625,8682,11108,78.16,78.16,18.15,refine,
S,0.6,0.72,154,0.8522,8730,11108,78.59,78.59,17.73,refine,
S,0.6,0.73,155,0.8453,9342,11108,84.10,84.10,16.86,refine,
S,0.6,0.74,148,0.8360,8662,11108,77.98,77.98,17.22,refine,
S,0.6,0.75,138,0.8291,9121,11108,82.11,82.11,15.96,refine,
S,0.6,0.76,143,0.8270,9554,11108,86.01,86.01,16.77,refine,
S,0.6,0.77,137,0.8051,9350,11108,84.17,84.17,15.66,refine,
S,0.6,0.78,141,0.8036,8876,11108,79.91,79.91,15.84,refine,
S,0.6,0.79,127,0.7941,9633,11108,86.72,86.72,14.96,refine,
S,0.61,0.7,168,0.8506,8689,11108,78.22,78.22,18.03,refine,
S,0.61,0.71,167,0.8513,8664,11108,78.00,78.00,16.94,refine,
S,0.61,0.72,152,0.8513,8563,11108,77.09,77.09,16.05,refine,
S,0.61,0.73,173,0.8509,8251,11108,74.28,74.28,17.66,refine,
S,0.61,0.74,147,0.8532,8516,11108,76.67,76.67,15.33,refine,
S,0.61,0.75,129,0.8244,9418,11108,84.79,84.79,15.35,refine,
S,0.61,0.76,146,0.8280,8451,11108,76.08,76.08,16.67,refine,
S,0.61,0.77,154,0.8067,8201,11108,73.83,73.83,16.23,refine,
S,0.61,0.78,151,0.8030,8852,11108,79.69,79.69,16.95,refine,
S,0.61,0.79,135,0.7920,9337,11108,84.06,84.06,14.59,refine,
S,0.61,0.8,131,0.7759,9512,11108,85.63,85.63,16.52,refine,
S,0.62,0.7,173,0.8621,8489,11108,76.42,76.42,17.93,refine,
S,0.62,0.71,157,0.8564,8866,11108,79.82,79.82,16.10,refine,
S,0.62,0.72,157,0.8434,8524,11108,76.74,76.74,16.68,refine,
S,0.62,0.73,146,0.8525,9040,11108,81.38,81.38,16.16,refine,
S,0.62,0.74,163,0.8367,8807,11108,79.29,79.29,15.34,refine,
S,0.62,0.75,151,0.8393,9058,11108,81.54,81.54,15.97,refine,
S,0.62,0.76,153,0.8399,9016,11108,81.17,81.17,17.21,refine,
S,0.62,0.77,127,0.7958,9482,11108,85.36,85.36,16.76,refine,
S,0.62,0.78,130,0.8008,9684,11108,87.18,87.18,14.84,refine,
S,0.62,0.79,137,0.7609,9301,11108,83.73,83.73,16.28,refine,
S,0.62,0.8,119,0.7899,10007,11108,90.09,90.09,14.12,refine,
S,0.63,0.7,167,0.8530,8525,11108,76.75,76.75,17.22,refine,
S,0.63,0.71,173,0.8516,8102,11108,72.94,72.94,17.22,refine,
S,0.63,0.72,164,0.8422,8261,11108,74.37,74.37,16.23,refine,
S,0.63,0.73,158,0.8509,8013,11108,72.14,72.14,15.92,refine,
S,0.63,0.74,168,0.8268,8890,11108,80.03,80.03,15.92,refine,
S,0.63,0.75,164,0.8254,8973,11108,80.78,80.78,17.56,refine,
S,0.63,0.76,147,0.8338,9128,11108,82.18,82.18,15.39,refine,
S,0.63,0.77,154,0.8230,9095,11108,81.88,81.88,17.10,refine,
S,0.63,0.78,144,0.8157,8843,11108,79.61,79.61,16.48,refine,
S,0.63,0.79,129,0.7961,9232,11108,83.11,83.11,14.59,refine,
S,0.63,0.8,147,0.7806,8911,11108,80.22,80.22,15.86,refine,
S,0.64,0.7,169,0.8532,8392,11108,75.55,75.55,16.60,refine,
S,0.64,0.71,164,0.8648,8576,11108,77.21,77.21,15.75,refine,
S,0.64,0.72,170,0.8397,9172,11108,82.57,82.57,15.98,refine,
S,0.64,0.73,152,0.8391,8792,11108,79.15,79.15,14.46,refine,
S,0.64,0.74,143,0.8355,9195,11108,82.78,82.78,14.60,refine,
S,0.64,0.75,145,0.8321,8689,11108,78.22,78.22,15.09,refine,
S,0.64,0.76,149,0.8260,9312,11108,83.83,83.83,16.22,refine,
S,0.64,0.77,136,0.8200,9038,11108,81.36,81.36,14.43,refine,
S,0.64,0.78,143,0.8121,8894,11108,80.07,80.07,15.42,refine,
S,0.64,0.79,128,0.7932,9356,11108,84.23,84.23,14.32,refine,
S,0.64,0.8,128,0.7626,9763,11108,87.89,87.89,14.82,refine,
S,0.65,0.7,172,0.8588,8577,11108,77.21,77.21,15.81,refine,
S,0.65,0.71,159,0.8415,8209,11108,73.90,73.90,15.05,refine,
S,0.65,0.72,166,0.8417,8472,11108,76.27,76.27,15.79,refine,
S,0.65,0.73,162,0.8300,8615,11108,77.56,77.56,16.66,refine,
S,0.65,0.74,149,0.8416,7982,11108,71.86,71.86,15.73,refine,
S,0.65,0.75,148,0.8062,9442,11108,85.00,85.00,16.08,refine,
S,0.65,0.76,146,0.8258,9350,11108,84.17,84.17,16.20,refine,
S,0.65,0.77,154,0.8193,8599,11108,77.41,77.41,16.25,refine,
S,0.65,0.78,130,0.8018,9045,11108,81.43,81.43,13.79,refine,
S,0.65,0.79,121,0.7880,9402,11108,84.64,84.64,14.56,refine,
S,0.65,0.8,128,0.7720,9839,11108,88.58,88.58,14.90,refine,
S,0.66,0.7,200,0.8569,8298,11108,74.70,74.70,17.39,refine,
S,0.66,0.71,174,0.8370,8006,11108,72.07,72.07,16.67,refine,
S,0.66,0.72,155,0.8419,8858,11108,79.74,79.74,16.02,refine,
S,0.66,0.73,145,0.8207,9611,11108,86.52,86.52,16.56,refine,
S,0.66,0.74,151,0.8422,9128,11108,82.18,82.18,15.26,refine,
S,0.66,0.75,137,0.8382,8925,11108,80.35,80.35,15.17,refine,
S,0.66,0.76,134,0.8253,8696,11108,78.29,78.29,15.05,refine,
S,0.66,0.77,128,0.8170,9574,11108,86.19,86.19,13.61,refine,
S,0.66,0.78,117,0.7959,9397,11108,84.60,84.60,13.32,refine,
S,0.66,0.79,135,0.7767,8670,11108,78.05,78.05,14.49,refine,
S,0.66,0.8,96,0.7685,9764,11108,87.90,87.90,13.54,refine,
S,0.67,0.7,186,0.8484,8545,11108,76.93,76.93,15.76,refine,
S,0.67,0.71,163,0.8500,8269,11108,74.44,74.44,15.47,refine,
S,0.67,0.72,153,0.8376,9053,11108,81.50,81.50,15.29,refine,
S,0.67,0.73,154,0.8362,8436,11108,75.95,75.95,15.15,refine,
S,0.67,0.74,146,0.8223,8666,11108,78.02,78.02,14.33,refine,
S,0.67,0.75,149,0.8152,8953,11108,80.60,80.60,14.80,refine,
S,0.67,0.76,161,0.7946,8547,11108,76.94,76.94,16.79,refine,
S,0.67,0.77,150,0.8185,9154,11108,82.41,82.41,16.19,refine,
S,0.67,0.78,151,0.7785,9128,11108,82.18,82.18,15.58,refine,
S,0.67,0.79,146,0.7889,9395,11108,84.58,84.58,14.77,refine,
S,0.67,0.8,94,0.7577,10381,11108,93.46,93.46,12.43,refine,
S,0.68,0.7,181,0.8555,8303,11108,74.75,74.75,15.98,refine,
S,0.68,0.71,164,0.8443,8533,11108,76.82,76.82,16.33,refine,
S,0.68,0.72,156,0.8367,8178,11108,73.62,73.62,16.31,refine,
S,0.68,0.73,174,0.8437,7955,11108,71.62,71.62,16.29,refine,
S,0.68,0.74,166,0.8243,9018,11108,81.18,81.18,15.62,refine,
S,0.68,0.75,130,0.8005,9295,11108,83.68,83.68,15.13,refine,
S,0.68,0.76,147,0.7993,8818,11108,79.38,79.38,14.35,refine,
S,0.68,0.77,148,0.8099,9513,11108,85.64,85.64,15.33,refine,
S,0.68,0.78,133,0.7826,8736,11108,78.65,78.65,14.15,refine,
S,0.68,0.79,126,0.7740,9726,11108,87.56,87.56,14.48,refine,
S,0.68,0.8,82,0.7599,10793,11108,97.16,97.16,12.08,refine,
S,0.69,0.7,183,0.8358,8525,11108,76.75,76.75,18.44,refine,
S,0.69,0.71,193,0.8242,8353,11108,75.20,75.20,18.48,refine,
S,0.69,0.72,166,0.8265,9002,11108,81.04,81.04,16.27,refine,
S,0.69,0.73,158,0.8190,8683,11108,78.17,78.17,15.84,refine,
S,0.69,0.74,126,0.8066,8601,11108,77.43,77.43,14.39,refine,
S,0.69,0.75,126,0.8261,9142,11108,82.30,82.30,15.12,refine,
S,0.69,0.76,135,0.8104,9313,11108,83.84,83.84,13.63,refine,
S,0.69,0.77,122,0.7843,9389,11108,84.52,84.52,14.17,refine,
S,0.69,0.78,121,0.7693,9497,11108,85.50,85.50,12.84,refine,
S,0.69,0.79,113,0.7597,10416,11108,93.77,93.77,14.05,refine,
S,0.69,0.8,108,0.7394,10029,11108,90.29,90.29,13.11,refine,
S,0.7,0.71,151,0.8301,8859,11108,79.75,79.75,16.50,refine,
S,0.7,0.72,159,0.8304,8943,11108,80.51,80.51,15.18,refine,
S,0.7,0.73,152,0.8265,8677,11108,78.11,78.11,16.00,refine,
S,0.7,0.74,157,0.8209,8367,11108,75.32,75.32,16.08,refine,
S,0.7,0.75,137,0.8138,9162,11108,82.48,82.48,14.51,refine,
S,0.7,0.76,140,0.8007,8703,11108,78.35,78.35,15.18,refine,
S,0.7,0.77,128,0.7980,9283,11108,83.57,83.57,14.16,refine,
S,0.7,0.78,118,0.7765,9957,11108,89.64,89.64,13.59,refine,
S,0.7,0.79,129,0.7914,9392,11108,84.55,84.55,13.39,refine,
News,0.6,0.71,235,0.8854,7192,11109,64.74,64.74,32.56,refine,
News,0.6,0.72,228,0.8821,6505,11109,58.56,58.56,29.36,refine,
News,0.6,0.73,201,0.8790,7597,11109,68.39,68.39,25.12,refine,
News,0.6,0.74,218,0.8692,7387,11109,66.50,66.50,33.45,refine,
News,0.6,0.75,205,0.8823,7536,11109,67.84,67.84,29.63,refine,
News,0.6,0.76,207,0.8645,7062,11109,63.57,63.57,29.21,refine,
News,0.6,0.77,222,0.8540,6764,11109,60.89,60.89,40.79,refine,
News,0.6,0.78,213,0.8717,7651,11109,68.87,68.87,55.56,refine,
News,0.6,0.79,221,0.8666,7583,11109,68.26,68.26,40.36,refine,
News,0.61,0.7,263,0.8761,6059,11109,54.54,54.54,43.63,refine,
News,0.61,0.71,237,0.8771,7272,11109,65.46,65.46,39.11,refine,
News,0.61,0.72,252,0.8780,6158,11109,55.43,55.43,51.89,refine,
News,0.61,0.73,263,0.8848,6917,11109,62.26,62.26,56.45,refine,
News,0.61,0.74,237,0.8838,7215,11109,64.95,64.95,55.54,refine,
News,0.61,0.75,221,0.8683,7798,11109,70.20,70.20,35.25,refine,
News,0.61,0.76,223,0.8829,7029,11109,63.27,63.27,39.60,refine,
News,0.61,0.77,222,0.8592,7571,11109,68.15,68.15,36.19,refine,
News,0.61,0.78,223,0.8340,7449,11109,67.05,67.05,32.06,refine,
News,0.61,0.79,210,0.8581,7935,11109,71.43,71.43,31.98,refine,
News,0.61,0.8,221,0.8570,7630,11109,68.68,68.68,37.54,refine,
News,0.62,0.7,260,0.8849,6777,11109,61.00,61.00,43.22,refine,
News,0.62,0.71,232,0.8761,7479,11109,67.32,67.32,34.63,refine,
News,0.62,0.72,220,0.8572,7547,11109,67.94,67.94,28.28,refine,
News,0.62,0.73,225,0.8587,6983,11109,62.86,62.86,25.81,refine,
News,0.62,0.74,223,0.8681,7228,11109,65.06,65.06,26.01,refine,
News,0.62,0.75,203,0.8714,7437,11109,66.95,66.95,26.57,refine,
News,0.62,0.76,211,0.8619,7812,11109,70.32,70.32,29.75,refine,
News,0.62,0.77,209,0.8708,7672,11109,69.06,69.06,28.80,refine,
News,0.62,0.78,221,0.8643,7658,11109,68.94,68.94,27.99,refine,
News,0.62,0.79,210,0.8783,7934,11109,71.42,71.42,36.89,refine,
News,0.62,0.8,195,0.8527,8276,11109,74.50,74.50,30.80,refine,
News,0.63,0.7,246,0.8857,6885,11109,61.98,61.98,31.68,refine,
News,0.63,0.71,253,0.8686,6846,11109,61.63,61.63,40.72,refine,
News,0.63,0.72,242,0.8762,7048,11109,63.44,63.44,29.42,refine,
News,0.63,0.73,217,0.8648,7086,11109,63.79,63.79,24.29,refine,
News,0.63,0.74,211,0.8739,7348,11109,66.14,66.14,24.49,refine,
News,0.63,0.75,207,0.8662,7804,11109,70.25,70.25,27.96,refine,
News,0.63,0.76,226,0.8612,7520,11109,67.69,67.69,28.39,refine,
News,0.63,0.77,231,0.8788,7413,11109,66.73,66.73,41.32,refine,
News,0.63,0.78,212,0.8598,7326,11109,65.95,65.95,22.25,refine,
News,0.63,0.79,206,0.8586,7507,11109,67.58,67.58,23.82,refine,
News,0.63,0.8,201,0.8508,7095,11109,63.87,63.87,25.75,refine,
News,0.64,0.7,247,0.8758,6755,11109,60.81,60.81,25.84,refine,
News,0.64,0.71,247,0.8731,6668,11109,60.02,60.02,28.54,refine,
News,0.64,0.72,250,0.8619,7165,11109,64.50,64.50,27.41,refine,
News,0.64,0.73,212,0.8713,6863,11109,61.78,61.78,27.44,refine,
News,0.64,0.74,235,0.8785,7081,11109,63.74,63.74,27.85,refine,
News,0.64,0.75,216,0.8618,7283,11109,65.56,65.56,28.69,refine,
News,0.64,0.76,181,0.8678,8345,11109,75.12,75.12,22.97,refine,
News,0.64,0.77,178,0.8622,8164,11109,73.49,73.49,21.90,refine,
News,0.64,0.78,196,0.8599,8299,11109,74.71,74.71,23.11,refine,
News,0.64,0.79,207,0.8488,7688,11109,69.21,69.21,23.82,refine,
News,0.64,0.8,199,0.8619,7651,11109,68.87,68.87,21.71,refine,
News,0.65,0.7,247,0.8768,6627,11109,59.65,59.65,24.99,refine,
News,0.65,0.71,253,0.8669,6824,11109,61.43,61.43,26.67,refine,
News,0.65,0.72,237,0.8763,6960,11109,62.65,62.65,25.83,refine,
News,0.65,0.73,225,0.8746,7654,11109,68.90,68.90,26.62,refine,
News,0.65,0.74,206,0.8791,7798,11109,70.20,70.20,22.81,refine,
News,0.65,0.75,213,0.8762,6973,11109,62.77,62.77,25.53,refine,
News,0.65,0.76,213,0.8749,7741,11109,69.68,69.68,25.65,refine,
News,0.65,0.77,207,0.8648,7517,11109,67.67,67.67,22.04,refine,
News,0.65,0.78,193,0.8721,7889,11109,71.01,71.01,21.12,refine,
News,0.65,0.79,172,0.8533,8293,11109,74.65,74.65,18.17,refine,
News,0.65,0.8,196,0.8655,7922,11109,71.31,71.31,20.53,refine,
News,0.66,0.7,251,0.8778,6827,11109,61.45,61.45,28.93,refine,
News,0.66,0.71,246,0.8905,7218,11109,64.97,64.97,25.83,refine,
News,0.66,0.72,245,0.8780,7243,11109,65.20,65.20,26.00,refine,
News,0.66,0.73,235,0.8692,6965,11109,62.70,62.70,26.11,refine,
News,0.66,0.74,238,0.8769,6932,11109,62.40,62.40,24.95,refine,
News,0.66,0.75,232,0.8758,6990,11109,62.92,62.92,25.75,refine,
News,0.66,0.76,218,0.8875,7399,11109,66.60,66.60,22.93,refine,
News,0.66,0.77,201,0.8676,8022,11109,72.21,72.21,21.46,refine,
News,0.66,0.78,209,0.8676,7935,11109,71.43,71.43,26.49,refine,
News,0.66,0.79,179,0.8664,8383,11109,75.46,75.46,21.12,refine,
News,0.66,0.8,178,0.8475,8364,11109,75.29,75.29,21.32,refine,
News,0.67,0.7,234,0.8740,7121,11109,64.10,64.10,21.75,refine,
News,0.67,0.71,253,0.8788,7037,11109,63.35,63.35,28.45,refine,
News,0.67,0.72,246,0.8730,7018,11109,63.17,63.17,23.94,refine,
News,0.67,0.73,222,0.8721,7406,11109,66.67,66.67,25.33,refine,
News,0.67,0.74,216,0.8763,7684,11109,69.17,69.17,24.04,refine,
News,0.67,0.75,222,0.8772,7265,11109,65.40,65.40,24.30,refine,
News,0.67,0.76,215,0.8500,7024,11109,63.23,63.23,25.28,refine,
News,0.67,0.77,211,0.8642,8041,11109,72.38,72.38,25.31,refine,
News,0.67,0.78,197,0.8578,8138,11109,73.26,73.26,23.78,refine,
News,0.67,0.79,190,0.8650,8362,11109,75.27,75.27,23.49,refine,
News,0.67,0.8,204,0.8692,8244,11109,74.21,74.21,23.77,refine,
News,0.68,0.7,268,0.8729,6427,11109,57.85,57.85,25.52,refine,
News,0.68,0.71,249,0.8723,6872,11109,61.86,61.86,26.79,refine,
News,0.68,0.72,226,0.8687,7186,11109,64.69,64.69,23.35,refine,
News,0.68,0.73,234,0.8728,7156,11109,64.42,64.42,21.99,refine,
News,0.68,0.74,227,0.8657,7345,11109,66.12,66.12,23.06,refine,
News,0.68,0.75,231,0.8549,6844,11109,61.61,61.61,25.77,refine,
News,0.68,0.76,206,0.8810,7719,11109,69.48,69.48,21.14,refine,
News,0.68,0.77,221,0.8614,7595,11109,68.37,68.37,21.18,refine,
News,0.68,0.78,199,0.8485,8213,11109,73.93,73.93,19.80,refine,
News,0.68,0.79,191,0.8629,7794,11109,70.16,70.16,19.50,refine,
News,0.68,0.8,197,0.8624,7717,11109,69.47,69.47,20.80,refine,
News,0.69,0.7,251,0.8735,6699,11109,60.30,60.30,23.01,refine,
News,0.69,0.71,239,0.8815,7127,11109,64.16,64.16,23.31,refine,
News,0.69,0.72,232,0.8556,6590,11109,59.32,59.32,23.89,refine,
News,0.69,0.73,249,0.8696,6948,11109,62.54,62.54,23.15,refine,
News,0.69,0.74,224,0.8631,7312,11109,65.82,65.82,23.16,refine,
News,0.69,0.75,216,0.8642,7363,11109,66.28,66.28,22.39,refine,
News,0.69,0.76,212,0.8723,7311,11109,65.81,65.81,21.10,refine,
News,0.69,0.77,206,0.8587,7852,11109,70.68,70.68,21.48,refine,
News,0.69,0.78,193,0.8451,7748,11109,69.75,69.75,22.44,refine,
News,0.69,0.79,186,0.8435,7406,11109,66.67,66.67,19.45,refine,
News,0.69,0.8,165,0.8538,8316,11109,74.86,74.86,19.19,refine,
News,0.7,0.71,247,0.8753,6552,11109,58.98,58.98,22.75,refine,
News,0.7,0.72,265,0.8764,6487,11109,58.39,58.39,22.14,refine,
News,0.7,0.73,216,0.8638,8026,11109,72.25,72.25,20.35,refine,
News,0.7,0.74,221,0.8765,7515,11109,67.65,67.65,21.57,refine,
News,0.7,0.75,220,0.8711,8100,11109,72.91,72.91,21.53,refine,
News,0.7,0.76,225,0.8642,7713,11109,69.43,69.43,20.99,refine,
News,0.7,0.77,223,0.8706,7675,11109,69.09,69.09,20.92,refine,
News,0.7,0.78,201,0.8490,7898,11109,71.10,71.10,19.73,refine,
News,0.7,0.79,205,0.8539,8287,11109,74.60,74.60,20.15,refine,
